# Auto-generated by scripts/azuma1988_pipeline.py
# Source: data/case_studies/azuma1988/case.json
# Selected experiment: 3

# Kinematic parameters
omega = 15.932135606829
n_harmonics = 4
gamma_mean = 0.959931088597
phi_mean = 0.000000000000
psi_mean = -0.174532925199

# Integration/control
tether = false
n_wingbeats = 5
steps_per_wingbeat = 200

# Initial conditions
x0 = 0.0
y0 = 0.0
z0 = 0.0
ux0 = 2.672002693402
uy0 = 0.000000000000
uz0 = 0.224374335136

# Output
output = output.h5

[[wing]]
name = fore
side = left
mu0 = 0.038765822785
lb0 = 0.666666666667
Cd0 = 0.400000000000
Cl0 = 1.200000000000
phase = 0.000000000000
cone = 0.139626340160
gamma_mean = 1.012290966157
gamma_cos = 0.000000000000, 0.000000000000, 0.000000000000, 0.000000000000
gamma_sin = 0.000000000000, 0.000000000000, 0.000000000000, 0.000000000000
phi_mean = 0.000000000000
phi_cos = 0.436332312999, 0.000000000000, 0.000000000000, 0.000000000000
phi_sin = 0.000000000000, 0.000000000000, 0.000000000000, 0.000000000000
psi_mean = -0.157079632679
psi_cos = -0.014011689917, -0.094121492431, 0.037024024485, -0.019243117602
psi_sin = -0.802729177752, -0.045906119143, -0.037024024485, -0.067108726270

[[wing]]
name = fore
side = right
mu0 = 0.038765822785
lb0 = 0.666666666667
Cd0 = 0.400000000000
Cl0 = 1.200000000000
phase = 0.000000000000
cone = 0.139626340160
gamma_mean = 1.012290966157
gamma_cos = 0.000000000000, 0.000000000000, 0.000000000000, 0.000000000000
gamma_sin = 0.000000000000, 0.000000000000, 0.000000000000, 0.000000000000
phi_mean = 0.000000000000
phi_cos = 0.436332312999, 0.000000000000, 0.000000000000, 0.000000000000
phi_sin = 0.000000000000, 0.000000000000, 0.000000000000, 0.000000000000
psi_mean = -0.157079632679
psi_cos = -0.014011689917, -0.094121492431, 0.037024024485, -0.019243117602
psi_sin = -0.802729177752, -0.045906119143, -0.037024024485, -0.067108726270

[[wing]]
name = hind
side = left
mu0 = 0.045123417722
lb0 = 0.646666666667
Cd0 = 0.400000000000
Cl0 = 1.200000000000
phase = 0.000000000000
cone = -0.034906585040
gamma_mean = 0.907571211037
gamma_cos = 0.000000000000, 0.000000000000, 0.000000000000, 0.000000000000
gamma_sin = 0.000000000000, 0.000000000000, 0.000000000000, 0.000000000000
phi_mean = 0.000000000000
phi_cos = 0.219999627085, 0.000000000000, 0.000000000000, 0.000000000000
phi_sin = -0.396889833403, 0.000000000000, 0.000000000000, 0.000000000000
psi_mean = -0.191986217719
psi_cos = -0.402652357618, 0.030033261264, 0.014197787220, -0.034265252756
psi_sin = 0.115458705612, 0.189622548796, 0.031888752205, -0.006660490423

[[wing]]
name = hind
side = right
mu0 = 0.045123417722
lb0 = 0.646666666667
Cd0 = 0.400000000000
Cl0 = 1.200000000000
phase = 0.000000000000
cone = -0.034906585040
gamma_mean = 0.907571211037
gamma_cos = 0.000000000000, 0.000000000000, 0.000000000000, 0.000000000000
gamma_sin = 0.000000000000, 0.000000000000, 0.000000000000, 0.000000000000
phi_mean = 0.000000000000
phi_cos = 0.219999627085, 0.000000000000, 0.000000000000, 0.000000000000
phi_sin = -0.396889833403, 0.000000000000, 0.000000000000, 0.000000000000
psi_mean = -0.191986217719
psi_cos = -0.402652357618, 0.030033261264, 0.014197787220, -0.034265252756
psi_sin = 0.115458705612, 0.189622548796, 0.031888752205, -0.006660490423
