# Auto-generated by scripts/wang2007_pipeline.py
# Source: data/kinematics/wang2007/exp_data.csv
# Wing motion source: separate sinusoid fit per wing

# Kinematic parameters
omega = 14.982242894658
n_harmonics = 1
gamma_mean = 2.295107966373
phi_mean = 0.030885842045
psi_mean = 0.502475366209

# Integration/control
tether = false
n_wingbeats = 5
steps_per_wingbeat = 200

# Initial conditions
x0 = 0.0
y0 = 0.0
z0 = 0.0
ux0 = 0.0
uy0 = 0.0
uz0 = 0.0

# Output
output = output.h5

[[wing]]
name = fore
side = left
mu0 = 0.065333333333
lb0 = 0.800000000000
Cd0 = 0.400000000000
Cl0 = 1.200000000000
phase = 0.000000000000
gamma_mean = 2.216568150033
gamma_cos = 0.000000000000
gamma_sin = 0.000000000000
phi_mean = 0.010026792594
phi_cos = 0.297783772206
phi_sin = 0.777090614178
psi_mean = 0.586808991730
psi_cos = 0.733659389358
psi_sin = -0.176113212859

[[wing]]
name = fore
side = right
mu0 = 0.065333333333
lb0 = 0.800000000000
Cd0 = 0.400000000000
Cl0 = 1.200000000000
phase = 0.000000000000
gamma_mean = 2.216568150033
gamma_cos = 0.000000000000
gamma_sin = 0.000000000000
phi_mean = 0.010026792594
phi_cos = 0.297783772206
phi_sin = 0.777090614178
psi_mean = 0.586808991730
psi_cos = 0.733659389358
psi_sin = -0.176113212859

[[wing]]
name = hind
side = left
mu0 = 0.065333333333
lb0 = 0.800000000000
Cd0 = 0.400000000000
Cl0 = 1.200000000000
phase = 0.000000000000
gamma_mean = 2.373647782712
gamma_cos = 0.000000000000
gamma_sin = 0.000000000000
phi_mean = 0.051744891495
phi_cos = 0.594065794205
phi_sin = 0.630542173319
psi_mean = 0.418141740689
psi_cos = 0.633307702429
psi_sin = -0.436063614804

[[wing]]
name = hind
side = right
mu0 = 0.065333333333
lb0 = 0.800000000000
Cd0 = 0.400000000000
Cl0 = 1.200000000000
phase = 0.000000000000
gamma_mean = 2.373647782712
gamma_cos = 0.000000000000
gamma_sin = 0.000000000000
phi_mean = 0.051744891495
phi_cos = 0.594065794205
phi_sin = 0.630542173319
psi_mean = 0.418141740689
psi_cos = 0.633307702429
psi_sin = -0.436063614804
