# Auto-generated by scripts/azuma1988_pipeline.py
# Source: data/case_studies/azuma1988/case.json
# Selected experiment: 4

# Kinematic parameters
omega = 14.833367633944
n_harmonics = 4
gamma_mean = 1.143190660056
phi_mean = 0.000000000000
psi_mean = -0.183259571459

# Integration/control
tether = true
n_blade_elements = 20
n_wingbeats = 1
steps_per_wingbeat = 200

# Initial conditions
x0 = 0.0
y0 = 0.0
z0 = 0.0
ux0 = 3.730652889508
uy0 = 0.000000000000
uz0 = 0.000000000000

# Output
output = output_aoa_constv_twist20_1wb.h5

[[wing]]
name = fore
side = left
mu0 = 0.038765822785
lb0 = 0.666666666667
phase = 0.000000000000
drag_coeff_set = azuma1988
lift_model = linear
lift_coeff_set = azuma1988
cone = 0.139626340160
psi_twist_h1_root_deg = 9.0
psi_twist_ref_eta = 0.75
gamma_mean = 1.099557428756
gamma_cos = 0.000000000000, 0.000000000000, 0.000000000000, 0.000000000000
gamma_sin = 0.000000000000, 0.000000000000, 0.000000000000, 0.000000000000
phi_mean = 0.000000000000
phi_cos = 0.663225115758, 0.000000000000, 0.000000000000, 0.000000000000
phi_sin = 0.000000000000, 0.000000000000, 0.000000000000, 0.000000000000
psi_mean = -0.122173047640
psi_cos = -0.131054230970, -0.014574173052, -0.055013528766, -0.031694515973
psi_sin = -0.827443849293, -0.103700629661, -0.042981279288, 0.062203990015

[[wing]]
name = fore
side = right
mu0 = 0.038765822785
lb0 = 0.666666666667
phase = 0.000000000000
drag_coeff_set = azuma1988
lift_model = linear
lift_coeff_set = azuma1988
cone = 0.139626340160
psi_twist_h1_root_deg = 9.0
psi_twist_ref_eta = 0.75
gamma_mean = 1.099557428756
gamma_cos = 0.000000000000, 0.000000000000, 0.000000000000, 0.000000000000
gamma_sin = 0.000000000000, 0.000000000000, 0.000000000000, 0.000000000000
phi_mean = 0.000000000000
phi_cos = 0.663225115758, 0.000000000000, 0.000000000000, 0.000000000000
phi_sin = 0.000000000000, 0.000000000000, 0.000000000000, 0.000000000000
psi_mean = -0.122173047640
psi_cos = -0.131054230970, -0.014574173052, -0.055013528766, -0.031694515973
psi_sin = -0.827443849293, -0.103700629661, -0.042981279288, 0.062203990015

[[wing]]
name = hind
side = left
mu0 = 0.045123417722
lb0 = 0.646666666667
phase = 0.000000000000
drag_coeff_set = azuma1988
lift_model = linear
lift_coeff_set = azuma1988
cone = -0.034906585040
psi_twist_h1_root_deg = 9.0
psi_twist_ref_eta = 0.75
gamma_mean = 1.186823891356
gamma_cos = 0.000000000000, 0.000000000000, 0.000000000000, 0.000000000000
gamma_sin = 0.000000000000, 0.000000000000, 0.000000000000, 0.000000000000
phi_mean = 0.000000000000
phi_cos = -0.031056781623, 0.000000000000, 0.000000000000, 0.000000000000
phi_sin = -0.592598695230, 0.000000000000, 0.000000000000, 0.000000000000
psi_mean = -0.244346095279
psi_cos = -0.711664943851, 0.001827333374, 0.051564413368, 0.031510960926
psi_sin = -0.074798999689, 0.052327981337, 0.009092197321, -0.041816457521

[[wing]]
name = hind
side = right
mu0 = 0.045123417722
lb0 = 0.646666666667
phase = 0.000000000000
drag_coeff_set = azuma1988
lift_model = linear
lift_coeff_set = azuma1988
cone = -0.034906585040
psi_twist_h1_root_deg = 9.0
psi_twist_ref_eta = 0.75
gamma_mean = 1.186823891356
gamma_cos = 0.000000000000, 0.000000000000, 0.000000000000, 0.000000000000
gamma_sin = 0.000000000000, 0.000000000000, 0.000000000000, 0.000000000000
phi_mean = 0.000000000000
phi_cos = -0.031056781623, 0.000000000000, 0.000000000000, 0.000000000000
phi_sin = -0.592598695230, 0.000000000000, 0.000000000000, 0.000000000000
psi_mean = -0.244346095279
psi_cos = -0.711664943851, 0.001827333374, 0.051564413368, 0.031510960926
psi_sin = -0.074798999689, 0.052327981337, 0.009092197321, -0.041816457521
