# Auto-generated by scripts/wang2007_pipeline.py
# Source: data/kinematics/wang2007/exp_data.csv
# Wing motion source: Fourier-smoothed experimental data (1 components over 1 wingbeats)

# Kinematic parameters
omega = 15.713508913351
n_harmonics = 1
harmonic_period_wingbeats = 1.000000000000
gamma_mean = 0.846484687217
phi_mean = 0.015842092872
psi_mean = 0.502264631462

# Integration/control
tether = true
n_wingbeats = 5
steps_per_wingbeat = 200

# Initial conditions
x0 = 0.0
y0 = 0.0
z0 = 0.0
ux0 = 0.0
uy0 = 0.0
uz0 = 0.0

# Output
output = output_1harm.h5

[[wing]]
name = fore
side = left
mu0 = 0.064312500000
lb0 = 0.818181818182
Cd0 = 0.400000000000
Cl0 = 1.200000000000
phase = 0.000000000000
gamma_mean = 0.925024503557
gamma_cos = 0.000000000000
gamma_sin = 0.000000000000
phi_mean = 0.000565660733
phi_cos = 0.254688558965
phi_sin = 0.664573665950
psi_mean = 0.587123214959
psi_cos = 0.733356352150
psi_sin = -0.175812527805

[[wing]]
name = fore
side = right
mu0 = 0.064312500000
lb0 = 0.818181818182
Cd0 = 0.400000000000
Cl0 = 1.200000000000
phase = 0.000000000000
gamma_mean = 0.925024503557
gamma_cos = 0.000000000000
gamma_sin = 0.000000000000
phi_mean = 0.000565660733
phi_cos = 0.254688558965
phi_sin = 0.664573665950
psi_mean = 0.587123214959
psi_cos = 0.733356352150
psi_sin = -0.175812527805

[[wing]]
name = hind
side = left
mu0 = 0.064312500000
lb0 = 0.818181818182
Cd0 = 0.400000000000
Cl0 = 1.200000000000
phase = 0.000000000000
gamma_mean = 0.767944870878
gamma_cos = 0.000000000000
gamma_sin = 0.000000000000
phi_mean = 0.031118525011
phi_cos = 0.499656583077
phi_sin = 0.537906823478
psi_mean = 0.417406047965
psi_cos = 0.631067426639
psi_sin = -0.435532185843

[[wing]]
name = hind
side = right
mu0 = 0.064312500000
lb0 = 0.818181818182
Cd0 = 0.400000000000
Cl0 = 1.200000000000
phase = 0.000000000000
gamma_mean = 0.767944870878
gamma_cos = 0.000000000000
gamma_sin = 0.000000000000
phi_mean = 0.031118525011
phi_cos = 0.499656583077
phi_sin = 0.537906823478
psi_mean = 0.417406047965
psi_cos = 0.631067426639
psi_sin = -0.435532185843
