# Auto-generated by scripts/azuma1988_pipeline.py
# Source: data/case_studies/azuma1988/case.json
# Selected experiment: 2

# Kinematic parameters
omega = 15.437690019031
n_harmonics = 4
gamma_mean = 0.898844564777
phi_mean = 0.000000000000
psi_mean = -0.095993108860

# Integration/control
tether = false
n_blade_elements = 5
n_wingbeats = 5
steps_per_wingbeat = 200

# Initial conditions
x0 = 0.0
y0 = 0.0
z0 = 0.0
ux0 = 1.748421269720
uy0 = 0.000000000000
uz0 = -0.033571403419

# Output
output = output.h5

[[wing]]
name = fore
side = left
mu0 = 0.038765822785
lb0 = 0.666666666667
phase = 0.000000000000
drag_coeff_set = azuma1988
lift_model = linear
lift_coeff_set = azuma1988
cone = 0.139626340160
gamma_mean = 0.959931088597
gamma_amp = 0.000000000000, 0.000000000000, 0.000000000000, 0.000000000000
gamma_phase = 0.000000000000, 0.000000000000, 0.000000000000, 0.000000000000
phi_mean = 0.000000000000
phi_amp = 0.436332312999, 0.000000000000, 0.000000000000, 0.000000000000
phi_phase = -0.000000000000, 0.000000000000, 0.000000000000, 0.000000000000
psi_mean = -0.034906585040
psi_amp = 0.942477796077, 0.069813170080, 0.069813170080, 0.087266462600
psi_phase = 1.623156204354, 2.356194490192, -1.186823891358, 1.972222054754

[[wing]]
name = fore
side = right
mu0 = 0.038765822785
lb0 = 0.666666666667
phase = 0.000000000000
drag_coeff_set = azuma1988
lift_model = linear
lift_coeff_set = azuma1988
cone = 0.139626340160
gamma_mean = 0.959931088597
gamma_amp = 0.000000000000, 0.000000000000, 0.000000000000, 0.000000000000
gamma_phase = 0.000000000000, 0.000000000000, 0.000000000000, 0.000000000000
phi_mean = 0.000000000000
phi_amp = 0.436332312999, 0.000000000000, 0.000000000000, 0.000000000000
phi_phase = -0.000000000000, 0.000000000000, 0.000000000000, 0.000000000000
psi_mean = -0.034906585040
psi_amp = 0.942477796077, 0.069813170080, 0.069813170080, 0.087266462600
psi_phase = 1.623156204354, 2.356194490192, -1.186823891358, 1.972222054754

[[wing]]
name = hind
side = left
mu0 = 0.045123417722
lb0 = 0.646666666667
phase = 0.000000000000
drag_coeff_set = azuma1988
lift_model = linear
lift_coeff_set = azuma1988
cone = -0.034906585040
gamma_mean = 0.837758040957
gamma_amp = 0.000000000000, 0.000000000000, 0.000000000000, 0.000000000000
gamma_phase = 0.000000000000, 0.000000000000, 0.000000000000, 0.000000000000
phi_mean = 0.000000000000
phi_amp = 0.453785605519, 0.000000000000, 0.000000000000, 0.000000000000
phi_phase = 1.064650843716, 0.000000000000, 0.000000000000, 0.000000000000
psi_mean = -0.157079632679
psi_amp = 0.523598775598, 0.104719755119, 0.034906585040, 0.034906585040
psi_phase = 2.687807048072, -1.204277183876, -0.907571211040, 1.448623279164

[[wing]]
name = hind
side = right
mu0 = 0.045123417722
lb0 = 0.646666666667
phase = 0.000000000000
drag_coeff_set = azuma1988
lift_model = linear
lift_coeff_set = azuma1988
cone = -0.034906585040
gamma_mean = 0.837758040957
gamma_amp = 0.000000000000, 0.000000000000, 0.000000000000, 0.000000000000
gamma_phase = 0.000000000000, 0.000000000000, 0.000000000000, 0.000000000000
phi_mean = 0.000000000000
phi_amp = 0.453785605519, 0.000000000000, 0.000000000000, 0.000000000000
phi_phase = 1.064650843716, 0.000000000000, 0.000000000000, 0.000000000000
psi_mean = -0.157079632679
psi_amp = 0.523598775598, 0.104719755119, 0.034906585040, 0.034906585040
psi_phase = 2.687807048072, -1.204277183876, -0.907571211040, 1.448623279164
