# Auto-generated by scripts/azuma1988_pipeline.py
# Source: data/case_studies/azuma1988/case.json
# Selected experiment: 2

# Kinematic parameters
omega = 15.437690019031
n_harmonics = 4
gamma_mean = 0.898844564777
phi_mean = 0.000000000000
psi_mean = -0.095993108860

# Integration/control
tether = false
n_blade_elements = 5
n_wingbeats = 5
steps_per_wingbeat = 200

# Initial conditions
x0 = 0.0
y0 = 0.0
z0 = 0.0
ux0 = 1.748421269720
uy0 = 0.000000000000
uz0 = -0.033571403419

# Output
output = output.h5

[[wing]]
name = fore
side = left
mu0 = 0.038765822785
lb0 = 0.666666666667
phase = 0.000000000000
drag_coeff_set = azuma1988
lift_model = linear
lift_coeff_set = azuma1988
cone = 0.139626340160
gamma_mean = 0.959931088597
gamma_cos = 0.000000000000, 0.000000000000, 0.000000000000, 0.000000000000
gamma_sin = 0.000000000000, 0.000000000000, 0.000000000000, 0.000000000000
phi_mean = 0.000000000000
phi_cos = 0.436332312999, 0.000000000000, 0.000000000000, 0.000000000000
phi_sin = 0.000000000000, 0.000000000000, 0.000000000000, 0.000000000000
psi_mean = -0.034906585040
psi_cos = -0.049325476695, -0.049365365980, 0.026152473819, -0.034097723411
psi_sin = -0.941186163013, -0.049365365980, 0.064729644134, -0.080329202367

[[wing]]
name = fore
side = right
mu0 = 0.038765822785
lb0 = 0.666666666667
phase = 0.000000000000
drag_coeff_set = azuma1988
lift_model = linear
lift_coeff_set = azuma1988
cone = 0.139626340160
gamma_mean = 0.959931088597
gamma_cos = 0.000000000000, 0.000000000000, 0.000000000000, 0.000000000000
gamma_sin = 0.000000000000, 0.000000000000, 0.000000000000, 0.000000000000
phi_mean = 0.000000000000
phi_cos = 0.436332312999, 0.000000000000, 0.000000000000, 0.000000000000
phi_sin = 0.000000000000, 0.000000000000, 0.000000000000, 0.000000000000
psi_mean = -0.034906585040
psi_cos = -0.049325476695, -0.049365365980, 0.026152473819, -0.034097723411
psi_sin = -0.941186163013, -0.049365365980, 0.064729644134, -0.080329202367

[[wing]]
name = hind
side = left
mu0 = 0.045123417722
lb0 = 0.646666666667
phase = 0.000000000000
drag_coeff_set = azuma1988
lift_model = linear
lift_coeff_set = azuma1988
cone = -0.034906585040
gamma_mean = 0.837758040957
gamma_cos = 0.000000000000, 0.000000000000, 0.000000000000, 0.000000000000
gamma_sin = 0.000000000000, 0.000000000000, 0.000000000000, 0.000000000000
phi_mean = 0.000000000000
phi_cos = 0.219999627085, 0.000000000000, 0.000000000000, 0.000000000000
phi_sin = -0.396889833403, 0.000000000000, 0.000000000000, 0.000000000000
psi_mean = -0.157079632679
psi_cos = -0.470607462157, 0.037528203919, 0.021490639644, 0.004254042599
psi_sin = -0.229530595716, 0.097764313647, 0.027506764383, -0.034646396648

[[wing]]
name = hind
side = right
mu0 = 0.045123417722
lb0 = 0.646666666667
phase = 0.000000000000
drag_coeff_set = azuma1988
lift_model = linear
lift_coeff_set = azuma1988
cone = -0.034906585040
gamma_mean = 0.837758040957
gamma_cos = 0.000000000000, 0.000000000000, 0.000000000000, 0.000000000000
gamma_sin = 0.000000000000, 0.000000000000, 0.000000000000, 0.000000000000
phi_mean = 0.000000000000
phi_cos = 0.219999627085, 0.000000000000, 0.000000000000, 0.000000000000
phi_sin = -0.396889833403, 0.000000000000, 0.000000000000, 0.000000000000
psi_mean = -0.157079632679
psi_cos = -0.470607462157, 0.037528203919, 0.021490639644, 0.004254042599
psi_sin = -0.229530595716, 0.097764313647, 0.027506764383, -0.034646396648
