# Auto-generated by scripts/azuma1985_pipeline.py
# Source: docs/case_studies/azuma1985.md

# Kinematic parameters
omega = 16.650353449898
n_harmonics = 3
gamma_mean = 0.671951762018
phi_mean = 0.008726646260
psi_mean = 0.095993108860

# Integration/control
tether = false
n_wingbeats = 5
steps_per_wingbeat = 200

# Initial conditions
x0 = 0.0
y0 = 0.0
z0 = 0.0
ux0 = 0.0
uy0 = 0.0
uz0 = 0.0

# Output
output = output.h5

[[wing]]
name = fore
side = left
mu0 = 0.034881875000
lb0 = 0.837500000000
Cd0 = 0.400000000000
Cl0 = 1.200000000000
phase = 0.000000000000
gamma_mean = 0.645771823238
gamma_cos = 0.000000000000, 0.000000000000, 0.000000000000
gamma_sin = 0.000000000000, 0.000000000000, 0.000000000000
phi_mean = 0.052359877560
phi_cos = 0.750491578358, 0.000000000000, 0.000000000000
phi_sin = 0.000000000000, 0.000000000000, 0.000000000000
psi_mean = 0.139626340160
psi_cos = -0.881680041036, -0.020458634047, -0.122119948739
psi_sin = -1.014256864485, 0.048197521420, 0.067692192949

[[wing]]
name = fore
side = right
mu0 = 0.034881875000
lb0 = 0.837500000000
Cd0 = 0.400000000000
Cl0 = 1.200000000000
phase = 0.000000000000
gamma_mean = 0.645771823238
gamma_cos = 0.000000000000, 0.000000000000, 0.000000000000
gamma_sin = 0.000000000000, 0.000000000000, 0.000000000000
phi_mean = 0.052359877560
phi_cos = 0.750491578358, 0.000000000000, 0.000000000000
phi_sin = 0.000000000000, 0.000000000000, 0.000000000000
psi_mean = 0.139626340160
psi_cos = -0.881680041036, -0.020458634047, -0.122119948739
psi_sin = -1.014256864485, 0.048197521420, 0.067692192949

[[wing]]
name = hind
side = left
mu0 = 0.041650000000
lb0 = 0.812500000000
Cd0 = 0.400000000000
Cl0 = 1.200000000000
phase = 0.000000000000
gamma_mean = 0.698131700798
gamma_cos = 0.000000000000, 0.000000000000, 0.000000000000
gamma_sin = 0.000000000000, 0.000000000000, 0.000000000000
phi_mean = -0.034906585040
phi_cos = 0.184528418044, 0.000000000000, 0.000000000000
phi_sin = -0.799280390879, 0.000000000000, 0.000000000000
psi_mean = 0.052359877560
psi_cos = -1.078939392823, 0.038486235204, 0.123282740944
psi_sin = 0.350568659770, -0.134217452539, -0.065550596121

[[wing]]
name = hind
side = right
mu0 = 0.041650000000
lb0 = 0.812500000000
Cd0 = 0.400000000000
Cl0 = 1.200000000000
phase = 0.000000000000
gamma_mean = 0.698131700798
gamma_cos = 0.000000000000, 0.000000000000, 0.000000000000
gamma_sin = 0.000000000000, 0.000000000000, 0.000000000000
phi_mean = -0.034906585040
phi_cos = 0.184528418044, 0.000000000000, 0.000000000000
phi_sin = -0.799280390879, 0.000000000000, 0.000000000000
psi_mean = 0.052359877560
psi_cos = -1.078939392823, 0.038486235204, 0.123282740944
psi_sin = 0.350568659770, -0.134217452539, -0.065550596121
