# Auto-generated by scripts/case_runner.py
# Source: /Users/jean/Code/dragonfly-flight-control/cases/reachable_climb/case_4_sync.yaml

# Kinematic parameters
omega = 25.132725559948
n_harmonics = 1
gamma_mean = 0.000000000000
phi_mean = 0.000000000000
psi_mean = 0.000000000000

# Integration/control
tether = true
n_blade_elements = 1
n_wingbeats = 3
steps_per_wingbeat = 200

# Initial conditions
x0 = 0.0
y0 = 0.0
z0 = 0.0
ux0 = 0.0
uy0 = 0.0
uz0 = 1.0

# Output
output = output.h5

[[wing]]
name = fore
side = left
mu0 = 0.024997691597
lb0 = 0.750000000000
phase = 0.000000000000
drag_coeff_set = wang2004
lift_coeff_set = wang2004
gamma_mean = 0.000000000000
gamma_amp = 0.000000000000
gamma_phase = 0.000000000000
phi_mean = 0.000000000000
phi_amp = 0.733371643725
phi_phase = 0.000000000000
psi_mean = 0.000000000000
psi_amp = 0.223278225878
psi_phase = 0.966498762572

[[wing]]
name = fore
side = right
mu0 = 0.024997691597
lb0 = 0.750000000000
phase = 0.000000000000
drag_coeff_set = wang2004
lift_coeff_set = wang2004
gamma_mean = 0.000000000000
gamma_amp = 0.000000000000
gamma_phase = 0.000000000000
phi_mean = 0.000000000000
phi_amp = 0.733371643725
phi_phase = 0.000000000000
psi_mean = 0.000000000000
psi_amp = 0.223278225878
psi_phase = 0.966498762572

[[wing]]
name = hind
side = left
mu0 = 0.024997691597
lb0 = 0.750000000000
phase = 0.000000000000
drag_coeff_set = wang2004
lift_coeff_set = wang2004
gamma_mean = 0.000000000000
gamma_amp = 0.000000000000
gamma_phase = 0.000000000000
phi_mean = 0.000000000000
phi_amp = 0.733371643725
phi_phase = 0.000000000000
psi_mean = 0.000000000000
psi_amp = 0.223278225878
psi_phase = 0.966498762572

[[wing]]
name = hind
side = right
mu0 = 0.024997691597
lb0 = 0.750000000000
phase = 0.000000000000
drag_coeff_set = wang2004
lift_coeff_set = wang2004
gamma_mean = 0.000000000000
gamma_amp = 0.000000000000
gamma_phase = 0.000000000000
phi_mean = 0.000000000000
phi_amp = 0.733371643725
phi_phase = 0.000000000000
psi_mean = 0.000000000000
psi_amp = 0.223278225878
psi_phase = 0.966498762572
