# Auto-generated by scripts/azuma1988_pipeline.py
# Source: data/case_studies/azuma1988/case.json
# Selected experiment: 1

# Kinematic parameters
omega = 14.558675640723
n_harmonics = 4
gamma_mean = 0.680678408278
phi_mean = 0.000000000000
psi_mean = 0.235619449019

# Integration/control
tether = false
n_wingbeats = 5
steps_per_wingbeat = 200

# Initial conditions
x0 = 0.0
y0 = 0.0
z0 = 0.0
ux0 = 0.0
uy0 = 0.0
uz0 = 0.0

# Output
output = output.h5

[[wing]]
name = fore
side = left
mu0 = 0.038765822785
lb0 = 0.666666666667
phase = 0.000000000000
drag_coeff_set = azuma1988
lift_model = linear
lift_coeff_set = azuma1988
cone = 0.139626340160
gamma_mean = 0.698131700798
gamma_cos = 0.000000000000, 0.000000000000, 0.000000000000, 0.000000000000
gamma_sin = 0.000000000000, 0.000000000000, 0.000000000000, 0.000000000000
phi_mean = 0.000000000000
phi_cos = 0.628318530718, 0.000000000000, 0.000000000000, 0.000000000000
phi_sin = 0.000000000000, 0.000000000000, 0.000000000000, 0.000000000000
psi_mean = 0.174532925199
psi_cos = 0.016448505555, 0.001218222249, 0.075217238755, 0.017323198324
psi_sin = -0.942334252144, 0.034885320891, -0.096273675341, 0.002127021300

[[wing]]
name = fore
side = right
mu0 = 0.038765822785
lb0 = 0.666666666667
phase = 0.000000000000
drag_coeff_set = azuma1988
lift_model = linear
lift_coeff_set = azuma1988
cone = 0.139626340160
gamma_mean = 0.698131700798
gamma_cos = 0.000000000000, 0.000000000000, 0.000000000000, 0.000000000000
gamma_sin = 0.000000000000, 0.000000000000, 0.000000000000, 0.000000000000
phi_mean = 0.000000000000
phi_cos = 0.628318530718, 0.000000000000, 0.000000000000, 0.000000000000
phi_sin = 0.000000000000, 0.000000000000, 0.000000000000, 0.000000000000
psi_mean = 0.174532925199
psi_cos = 0.016448505555, 0.001218222249, 0.075217238755, 0.017323198324
psi_sin = -0.942334252144, 0.034885320891, -0.096273675341, 0.002127021300

[[wing]]
name = hind
side = left
mu0 = 0.045123417722
lb0 = 0.646666666667
phase = 0.000000000000
drag_coeff_set = azuma1988
lift_model = linear
lift_coeff_set = azuma1988
cone = -0.034906585040
gamma_mean = 0.663225115758
gamma_cos = 0.000000000000, 0.000000000000, 0.000000000000, 0.000000000000
gamma_sin = 0.000000000000, 0.000000000000, 0.000000000000, 0.000000000000
phi_mean = 0.000000000000
phi_cos = 0.285576534718, 0.000000000000, 0.000000000000, 0.000000000000
phi_sin = -0.352657650696, 0.000000000000, 0.000000000000, 0.000000000000
psi_mean = 0.296705972839
psi_cos = -0.662821096937, -0.039228710729, 0.027877638347, -0.014120010256
psi_sin = 0.023146222740, 0.097094466201, 0.021007307284, -0.010258787947

[[wing]]
name = hind
side = right
mu0 = 0.045123417722
lb0 = 0.646666666667
phase = 0.000000000000
drag_coeff_set = azuma1988
lift_model = linear
lift_coeff_set = azuma1988
cone = -0.034906585040
gamma_mean = 0.663225115758
gamma_cos = 0.000000000000, 0.000000000000, 0.000000000000, 0.000000000000
gamma_sin = 0.000000000000, 0.000000000000, 0.000000000000, 0.000000000000
phi_mean = 0.000000000000
phi_cos = 0.285576534718, 0.000000000000, 0.000000000000, 0.000000000000
phi_sin = -0.352657650696, 0.000000000000, 0.000000000000, 0.000000000000
psi_mean = 0.296705972839
psi_cos = -0.662821096937, -0.039228710729, 0.027877638347, -0.014120010256
psi_sin = 0.023146222740, 0.097094466201, 0.021007307284, -0.010258787947
